3.215905193544054130e-01 5.312977559093133573e-02
3.213389554763421141e-01 5.497829239122471040e-02
3.210710374625687091e-01 5.682444889378591990e-02
3.207867857160791036e-01 5.866810450664963761e-02
3.204862218837443155e-01 6.050911882830298932e-02
3.201693688546640715e-01 6.234735165837747284e-02
3.198362507584229797e-01 6.418266300832610460e-02
3.194868929632538324e-01 6.601491311208390611e-02
3.191213220741054846e-01 6.784396243671177162e-02
3.187395659306164197e-01 6.966967169302198948e-02
3.183416536049950563e-01 7.149190184618618715e-02
3.179276153998054633e-01 7.331051412632319519e-02
3.174974828456600395e-01 7.512537003906688549e-02
3.170512886988181567e-01 7.693633137611299855e-02
3.165890669386914325e-01 7.874326022574415496e-02
3.161108527652566891e-01 8.054601898333277332e-02
3.156166825963746536e-01 8.234447036181978541e-02
3.151065940650167874e-01 8.413847740216975901e-02
3.145806260163998003e-01 8.592790348380069387e-02
3.140388185050269065e-01 8.771261233498847676e-02
3.134812127916378199e-01 8.949246804324431648e-02
3.129078513400665451e-01 9.126733506566502008e-02
3.123187778140072979e-01 9.303707823925527753e-02
3.117140370736898314e-01 9.480156279122038676e-02
3.110936751724629468e-01 9.656065434923027935e-02
3.104577393532873542e-01 9.831421895165229352e-02
3.098062780451374953e-01 1.000621230577528054e-01
3.091393408593144376e-01 1.018042335578666774e-01
3.084569785856670632e-01 1.035404177835345108e-01
3.077592431887242186e-01 1.052705435176056747e-01
3.070461878037379355e-01 1.069944790043070582e-01
3.063178667326364457e-01 1.087120929592768903e-01
3.055743354398889888e-01 1.104232545795623965e-01
3.048156505482823575e-01 1.121278335535811771e-01
3.040418698346084025e-01 1.138257000710448663e-01
3.032530522252641636e-01 1.155167248328446555e-01
3.024492577917647917e-01 1.172007790608977501e-01
3.016305477461683204e-01 1.188777345079545661e-01
3.007969844364145606e-01 1.205474634673653622e-01
2.999486313415766769e-01 1.222098387828051275e-01
2.990855530670274431e-01 1.238647338579576540e-01
2.982078153395190667e-01 1.255120226661554650e-01
2.973154850021778040e-01 1.271515797599782893e-01
2.964086300094135318e-01 1.287832802808056010e-01
2.954873194217450538e-01 1.304069999683253878e-01
2.945516234005405853e-01 1.320226151699968598e-01
2.936016132026749159e-01 1.336300028504673054e-01
2.926373611751026949e-01 1.352290406009416524e-01
2.916589407493490604e-01 1.368196066485043438e-01
2.906664264359173355e-01 1.384015798653926987e-01
2.896598938186155658e-01 1.399748397782212272e-01
2.886394195487991809e-01 1.415392665771565972e-01
2.876050813395349404e-01 1.430947411250411139e-01
2.865569579596820016e-01 1.446411449664657678e-01
2.854951292278937180e-01 1.461783603367907691e-01
2.844196760065390572e-01 1.477062701711140957e-01
2.833306801955446375e-01 1.492247581131863621e-01
2.822282247261577171e-01 1.507337085242717034e-01
2.811123935546304686e-01 1.522330064919543424e-01
2.799832716558269818e-01 1.537225378388890062e-01
2.788409450167511072e-01 1.552021891314968038e-01
2.776855006299993600e-01 1.566718476886030387e-01
2.765170264871352201e-01 1.581314015900187608e-01
2.753356115719883812e-01 1.595807396850631721e-01
2.741413458538788928e-01 1.610197516010292151e-01
2.729343202807650859e-01 1.624483277515880730e-01
2.717146267723172803e-01 1.638663593451349099e-01
2.704823582129184945e-01 1.652737383930738546e-01
2.692376084445903817e-01 1.666703577180413398e-01
2.679804722598471689e-01 1.680561109620686000e-01
2.667110453944764314e-01 1.694308925946809707e-01
2.654294245202487024e-01 1.707945979209345433e-01
2.641357072375558612e-01 1.721471230893886761e-01
2.628299920679773582e-01 1.734883651000154736e-01
2.615123784467789370e-01 1.748182218120429288e-01
2.601829667153391368e-01 1.761365919517336454e-01
2.588418581135082941e-01 1.774433751200973908e-01
2.574891547718987650e-01 1.787384718005361472e-01
2.561249597041072024e-01 1.800217833664237987e-01
2.547493767988698865e-01 1.812932120886159848e-01
2.533625108121505543e-01 1.825526611428929802e-01
2.519644673591637796e-01 1.838000346173330746e-01
2.505553529063311302e-01 1.850352375196168964e-01
2.491352747631738751e-01 1.862581757842610153e-01
2.477043410741406326e-01 1.874687562797818785e-01
2.462626608103719028e-01 1.886668868157879153e-01
2.448103437614014832e-01 1.898524761499998659e-01
2.433475005267954905e-01 1.910254339951997227e-01
2.418742425077299585e-01 1.921856710261063972e-01
2.403906818985068750e-01 1.933330988861779454e-01
2.388969316780105157e-01 1.944676301943402963e-01
2.373931056011036045e-01 1.955891785516418457e-01
2.358793181899639657e-01 1.966976585478329431e-01
2.343556847253638331e-01 1.977929857678702441e-01
2.328223212378906504e-01 1.988750767983451517e-01
2.312793444991107228e-01 1.999438492338363738e-01
2.297268720126764696e-01 2.009992216831847922e-01
2.281650220053781930e-01 2.020411137756925046e-01
2.265939134181411962e-01 2.030694461672426787e-01
2.250136658969670855e-01 2.040841405463425517e-01
2.234243997838227247e-01 2.050851196400864662e-01
2.218262361074758160e-01 2.060723072200409678e-01
2.202192965742777730e-01 2.070456281080499117e-01
2.186037035588955513e-01 2.080050081819591334e-01
2.169795800949923525e-01 2.089503743812617942e-01
2.153470498658580368e-01 2.098816547126616250e-01
2.137062371949900730e-01 2.107987782555557077e-01
2.120572670366260570e-01 2.117016751674355435e-01
2.104002649662277402e-01 2.125902766892056039e-01
2.087353571709182065e-01 2.134645151504195315e-01
2.070626704398720874e-01 2.143243239744338779e-01
2.053823321546597858e-01 2.151696376834777991e-01
2.036944702795475404e-01 2.160003919036395104e-01
2.019992133517519994e-01 2.168165233697688099e-01
2.002966904716517171e-01 2.176179699302947246e-01
1.985870312929554071e-01 2.184046705519588072e-01
1.968703660128289235e-01 2.191765653244628076e-01
1.951468253619795534e-01 2.199335954650313285e-01
1.934165405947010086e-01 2.206757033228882170e-01
1.916796434788771430e-01 2.214028323836468859e-01
1.899362662859482298e-01 2.221149272736141489e-01
1.881865417808370189e-01 2.228119337640072084e-01
1.864306032118391854e-01 2.234937987750832411e-01
1.846685843004750027e-01 2.241604703801816090e-01
1.829006192313064050e-01 2.248118978096785847e-01
1.811268426417185773e-01 2.254480314548532038e-01
1.793473896116661304e-01 2.260688228716655757e-01
1.775623956533868286e-01 2.266742247844457103e-01
1.757719967010813733e-01 2.272641910894942219e-01
1.739763291005618218e-01 2.278386768585927147e-01
1.721755295988682821e-01 2.283976383424256018e-01
1.703697353338546328e-01 2.289410329739119121e-01
1.685590838237458755e-01 2.294688193714464752e-01
1.667437129566644860e-01 2.299809573420519004e-01
1.649237609801307292e-01 2.304774078844387397e-01
1.630993664905335261e-01 2.309581331919762226e-01
1.612706684225770348e-01 2.314230966555708702e-01
1.594378060386989482e-01 2.318722628664547925e-01
1.576009189184661707e-01 2.323055976188820593e-01
1.557601469479446277e-01 2.327230679127334223e-01
1.539156303090467581e-01 2.331246419560298599e-01
1.520675094688559714e-01 2.335102891673531134e-01
1.502159251689294261e-01 2.338799801781750176e-01
1.483610184145803534e-01 2.342336868350937129e-01
1.465029304641397023e-01 2.345713822019779293e-01
1.446418028181986892e-01 2.348930405620179296e-01
1.427777772088331121e-01 2.351986374196843310e-01
1.409109955888102894e-01 2.354881495025931415e-01
1.390416001207779306e-01 2.357615547632785358e-01
1.371697331664385178e-01 2.360188323808712352e-01
1.352955372757080055e-01 2.362599627626846277e-01
1.334191551758595884e-01 2.364849275457065747e-01
1.315407297606550063e-01 2.366937095979978201e-01
1.296604040794621104e-01 2.368862930199967798e-01
1.277783213263616602e-01 2.370626631457302402e-01
1.258946248292419079e-01 2.372228065439302702e-01
1.240094580388843015e-01 2.373667110190571250e-01
1.221229645180384737e-01 2.374943656122278091e-01
1.202352879304900285e-01 2.376057606020508528e-01
1.183465720301195429e-01 2.377008875053664982e-01
1.164569606499552129e-01 2.377797390778927933e-01
1.145665976912195738e-01 2.378423093147771228e-01
1.126756271123708769e-01 2.378885934510537592e-01
1.107841929181397622e-01 2.379185879620064614e-01
1.088924391485631693e-01 2.379322905634372043e-01
1.070005098680149175e-01 2.379297002118397342e-01
1.051085491542345374e-01 2.379108171044794218e-01
1.032167010873554225e-01 2.378756426793779966e-01
1.013251097389325089e-01 2.378241796152040510e-01
9.943391916097045480e-02 2.377564318310692038e-01
9.754327337495397043e-02 2.376724044862295326e-01
9.565331636087949507e-02 2.375721039796926393e-01
9.376419204629093951e-02 2.374555379497305108e-01
9.187604429531888439e-02 2.373227152732974576e-01
8.998901689772487167e-02 2.371736460653547929e-01
8.810325355795116387e-02 2.370083416780995877e-01
8.621889788417698430e-02 2.368268147001010293e-01
8.433609337738261214e-02 2.366290789553412988e-01
8.245498342042070772e-02 2.364151495021629967e-01
8.057571126709764386e-02 2.361850426321221996e-01
7.869842003126359398e-02 2.359387758687478964e-01
7.682325267591463835e-02 2.356763679662076671e-01
7.495035200230468209e-02 2.353978389078791589e-01
7.307986063907143115e-02 2.351032099048286084e-01
7.121192103137397034e-02 2.347925033941952733e-01
6.934667543004541246e-02 2.344657430374828266e-01
6.748426588075995269e-02 2.341229537187576870e-01
6.562483421321546606e-02 2.337641615427534791e-01
6.376852203033243904e-02 2.333893938328836515e-01
6.191547069747053295e-02 2.329986791291601134e-01
6.006582133166325776e-02 2.325920471860204453e-01
5.821971479087094392e-02 2.321695289700614340e-01
5.637729166325417679e-02 2.317311566576809312e-01
5.453869225646743035e-02 2.312769636326278966e-01
5.270405658697381590e-02 2.308069844834595985e-01
5.087352436938274297e-02 2.303212550009078041e-01
4.904723500580968759e-02 2.298198121751532930e-01
4.722532757526064218e-02 2.293026941930086382e-01
4.540794082304002582e-02 2.287699404350103105e-01
4.359521315018552445e-02 2.282215914724194938e-01
4.178728260292747382e-02 2.276576890641327788e-01
3.998428686217696260e-02 2.270782761535017902e-01
3.818636323304003266e-02 2.264833968650630247e-01
3.639364863436203579e-02 2.258730965011773728e-01
3.460627958830045370e-02 2.252474215385804890e-01
3.282439220992825618e-02 2.246064196248431510e-01
3.104812219686817198e-02 2.239501395747427459e-01
2.927760481895875372e-02 2.232786313665461320e-01
2.751297490795318046e-02 2.225919461382030728e-01
2.575436684725122827e-02 2.218901361834524077e-01
2.400191456166546333e-02 2.211732549478393206e-01
2.225575150722227530e-02 2.204413570246454290e-01
2.051601066099888182e-02 2.196944981507313044e-01
1.878282451099633904e-02 2.189327352022916728e-01
1.705632504605032740e-02 2.181561261905243798e-01
1.533664374577945605e-02 2.173647302572125073e-01
1.362391157057279978e-02 2.165586076702202545e-01
1.191825895161650883e-02 2.157378198189037199e-01
1.021981578096144150e-02 2.149024292094356414e-01
8.528711401630625910e-03 2.140524994600452313e-01
6.845074597770034464e-03 2.131880952961735520e-01
5.169033584840651563e-03 2.123092825455442645e-01
3.500715999854811522e-03 2.114161281331509712e-01
1.840248891655599239e-03 2.105087000761600435e-01
1.877587112422696158e-04 2.095870674787312926e-01
-1.456628697860298804e-03 2.086513005267551790e-01
-3.092788109184244072e-03 2.077014704825082547e-01
-4.720594922855800291e-03 2.067376496792256713e-01
-6.339925175083790942e-03 2.057599115155931968e-01
-7.950655547600035677e-03 2.047683304501574930e-01
-9.552663377050366056e-03 2.037629819956556787e-01
-1.114582666433630576e-02 2.027439427132650129e-01
-1.273002408390518092e-02 2.017112902067721980e-01
-1.430513499299014557e-02 2.006651031166637456e-01
-1.587103944079708284e-02 1.996054611141368784e-01
-1.742761817763981147e-02 1.985324448950327725e-01
-1.897475266402082195e-02 1.974461361736908338e-01
-2.051232507965901342e-02 1.963466176767260929e-01
-2.204021833246205819e-02 1.952339731367289666e-01
-2.355831606744322737e-02 1.941082872858888864e-01
-2.506650267558252487e-02 1.929696458495418210e-01
-2.656466330263043685e-02 1.918181355396414711e-01
-2.805268385785485152e-02 1.906538440481562180e-01
-2.953045102272945643e-02 1.894768600403909375e-01
-3.099785225956325219e-02 1.882872731482345130e-01
-3.245477582007073869e-02 1.870851739633347111e-01
-3.390111075388207995e-02 1.858706540301983678e-01
-3.533674691699235926e-02 1.846438058392207704e-01
-3.676157498014950842e-02 1.834047228196414026e-01
-3.817548643717993961e-02 1.821534993324296914e-01
-3.957837361325208803e-02 1.808902306630983947e-01
-4.097012967307611664e-02 1.796150130144476553e-01
-4.235064862903945015e-02 1.783279434992385837e-01
-4.371982534927881803e-02 1.770291201327979236e-01
-4.507755556568604494e-02 1.757186418255535509e-01
-4.642373588184843525e-02 1.743966083755024155e-01
-4.775826378092291186e-02 1.730631204606100093e-01
-4.908103763344311143e-02 1.717182796311440274e-01
-5.039195670505897118e-02 1.703621883019403593e-01
-5.169092116420762745e-02 1.689949497446039395e-01
-5.297783208971644509e-02 1.676166680796444819e-01
-5.425259147833592921e-02 1.662274482685470456e-01
-5.551510225220316480e-02 1.648273961057787895e-01
-5.676526826623480571e-02 1.634166182107323617e-01
-5.800299431544872486e-02 1.619952220196065884e-01
-5.922818614221402739e-02 1.605633157772245467e-01
-6.044075044342968328e-02 1.591210085287904641e-01
-6.164059487762951761e-02 1.576684101115855829e-01
-6.282762807201450195e-02 1.562056311466030190e-01
-6.400175962941101471e-02 1.547327830301245266e-01
-6.516290013515524393e-02 1.532499779252365357e-01
-6.631096116390211570e-02 1.517573287532886783e-01
-6.744585528635929639e-02 1.502549491852944175e-01
-6.856749607594554707e-02 1.487429536332745550e-01
-6.967579811537208401e-02 1.472214572415442846e-01
-7.077067700314762511e-02 1.456905758779446503e-01
-7.185204936000585962e-02 1.441504261250183827e-01
-7.291983283525521609e-02 1.426011252711322230e-01
-7.397394611304977663e-02 1.410427913015445123e-01
-7.501430891858246186e-02 1.394755428894203231e-01
-7.604084202419758576e-02 1.378994993867941887e-01
-7.705346725542483455e-02 1.363147808154805962e-01
-7.805210749693219929e-02 1.347215078579344083e-01
-7.903668669839909733e-02 1.331198018480598544e-01
-8.000712988030717066e-02 1.315097847619708660e-01
-8.096336313965102338e-02 1.298915792087019794e-01
-8.190531365556570631e-02 1.282653084208711380e-01
-8.283290969487253075e-02 1.266310962452952826e-01
-8.374608061754179600e-02 1.249890671335587289e-01
-8.464475688207219461e-02 1.233393461325355822e-01
-8.552887005078689542e-02 1.216820588748673132e-01
-8.639835279504504140e-02 1.200173315693950915e-01
-8.725313890036931475e-02 1.183452909915483076e-01
-8.809316327148840331e-02 1.166660644736907670e-01
-8.891836193729416027e-02 1.149797798954229899e-01
-8.972867205571331828e-02 1.132865656738444304e-01
-9.052403191849302255e-02 1.115865507537736057e-01
-9.130438095590046044e-02 1.098798645979285477e-01
-9.206965974133511643e-02 1.081666371770677038e-01
-9.281980999585467962e-02 1.064469989600922012e-01
-9.355477459261281326e-02 1.047210809041101143e-01
-9.427449756121006330e-02 1.029890144444635669e-01
-9.497892409195574093e-02 1.012509314847194475e-01
-9.566800054004233334e-02 9.950696438662448573e-02
-9.634167442963040284e-02 9.775724596002501043e-02
-9.699989445784498732e-02 9.600190945275378918e-02
-9.764261049868255826e-02 9.424108854048166006e-02
-9.826977360682831453e-02 9.247491731653867397e-02
-9.888133602138329814e-02 9.070353028170125009e-02
-9.947725116950192903e-02 8.892706233395054893e-02
-1.000574736699385014e-01 8.714564875819841294e-02
-1.006219593365031417e-01 8.535942521598585686e-02
-1.011706651814269498e-01 8.356852773515122124e-02
-1.017035494186352973e-01 8.177309269947138914e-02
-1.022205714669304488e-01 7.997325683827562204e-02
-1.027216919530817285e-01 7.816915721603311107e-02
-1.032068727148238718e-01 7.636093122191500715e-02
-1.036760768037634228e-01 7.454871655933144325e-02
-1.041292684881925251e-01 7.273265123544545019e-02
-1.045664132558096621e-01 7.091287355066244746e-02
-1.049874778163483735e-01 6.908952208809879258e-02
-1.058195649905511182e-01 7.061831725708787866e-02
-1.066394732027635267e-01 7.215319797297239934e-02
-1.074471400138008181e-01 7.369404734864341833e-02
-1.082425039167082687e-01 7.524074804245514669e-02
-1.090255043414453673e-01 7.679318226716158602e-02
-1.097960816594982236e-01 7.835123179888597855e-02
-1.105541771884206159e-01 7.991477798612434125e-02
-1.112997331963029995e-01 8.148370175878083543e-02
-1.120326929061688098e-01 8.305788363723597134e-02
-1.127530005002983921e-01 8.463720374144498293e-02
-1.134606011244796292e-01 8.622154180006727509e-02
-1.141554408921854058e-01 8.781077715962580521e-02
-1.148374668886772976e-01 8.940478879369484488e-02
-1.155066271750350149e-01 9.100345531211706529e-02
-1.161628707921120024e-01 9.260665497024757331e-02
-1.168061477644161128e-01 9.421426567822537013e-02
-1.174364091039153402e-01 9.582616501027090006e-02
-1.180536068137685579e-01 9.744223021400934270e-02
-1.186576938919804702e-01 9.906233821981855203e-02
-1.192486243349813874e-01 1.006863656502013649e-01
-1.198263531411301319e-01 1.023141888291813628e-01
-1.203908363141413529e-01 1.039456837917209775e-01
-1.209420308664359428e-01 1.055807262931623830e-01
-1.214798948224146968e-01 1.072191918186886084e-01
-1.220043872216549641e-01 1.088609555928063827e-01
-1.225154681220298469e-01 1.105058925888479648e-01
-1.230130986027501150e-01 1.121538775384924025e-01
-1.234972407673279315e-01 1.138047849413054424e-01
-1.239678577464631004e-01 1.154584890742965941e-01
-1.244249137008505424e-01 1.171148640014934572e-01
-1.248683738239098201e-01 1.187737835835325356e-01
-1.252982043444355875e-01 1.204351214872648457e-01
-1.257143725291695602e-01 1.220987511953768451e-01
-1.261168466852932157e-01 1.237645460160253230e-01
-1.265055961628413495e-01 1.254323790924852244e-01
-1.268805913570361099e-01 1.271021234128106303e-01
-1.272418037105415844e-01 1.287736518195067015e-01
-1.275892057156385873e-01 1.304468370192138349e-01
-1.279227709163194282e-01 1.321215515924009098e-01
-1.282424739103026068e-01 1.337976680030693588e-01
-1.285482903509673480e-01 1.354750586084652042e-01
-1.288401969492077304e-01 1.371535956687995050e-01
-1.291181714752060450e-01 1.388331513569763809e-01
-1.293821927601259691e-01 1.405135977683275028e-01
-1.296322406977244435e-01 1.421948069303526352e-01
-1.298682962458829193e-01 1.438766508124648680e-01
-1.300903414280574766e-01 1.455590013357412338e-01
-1.302983593346478397e-01 1.472417303826757118e-01
-1.304923341242850143e-01 1.489247098069365616e-01
-1.306722510250378222e-01 1.506078114431246562e-01
-1.308380963355375570e-01 1.522909071165340356e-01
-1.309898574260218718e-01 1.539738686529127931e-01
-1.311275227392960929e-01 1.556565678882240178e-01
-1.312510817916135997e-01 1.573388766784062087e-01
-1.313605251734742407e-01 1.590206669091315805e-01
-1.314558445503407336e-01 1.607018105055628143e-01
-1.315370326632734899e-01 1.623821794421061726e-01
-1.316040833294833956e-01 1.640616457521613392e-01
-1.316569914428025734e-01 1.657400815378665959e-01
-1.316957529740733768e-01 1.674173589798383377e-01
-1.317203649714551172e-01 1.690933503469056465e-01
-1.317308255606489120e-01 1.707679280058370386e-01
-1.317271339450404311e-01 1.724409644310603840e-01
-1.317092904057604597e-01 1.741123322143744434e-01
-1.316772963016635822e-01 1.757819040746516348e-01
-1.316311540692247095e-01 1.774495528675306966e-01
-1.315708672223535325e-01 1.791151515950995254e-01
-1.314964403521267644e-01 1.807785734155664403e-01
-1.314078791264388091e-01 1.824396916529194834e-01
-1.313051902895698286e-01 1.840983798065737587e-01
-1.311883816616723764e-01 1.857545115610043651e-01
-1.310574621381756510e-01 1.874079607953663129e-01
-1.309124416891082887e-01 1.890586015930987573e-01
-1.307533313583389145e-01 1.907063082515142727e-01
-1.305801432627353154e-01 1.923509552913714171e-01
-1.303928905912413727e-01 1.939924174664306722e-01
-1.301915876038731157e-01 1.956305697729922022e-01
-1.299762496306323123e-01 1.972652874594154060e-01
-1.297468930703394308e-01 1.988964460356195396e-01
-1.295035353893844721e-01 2.005239212825636330e-01
-1.292461951203970338e-01 2.021475892617066450e-01
-1.289748918608349948e-01 2.037673263244456912e-01
-1.286896462714918754e-01 2.053830091215323728e-01
-1.283904800749237629e-01 2.069945146124662627e-01
-1.280774160537947459e-01 2.086017200748651046e-01
-1.277504780491420799e-01 2.102045031138103370e-01
-1.274096909585606674e-01 2.118027416711681377e-01
-1.270550807343068522e-01 2.133963140348845988e-01
-1.266866743813221396e-01 2.149850988482543412e-01
-1.263044999551766190e-01 2.165689751191626489e-01
-1.259085865599325893e-01 2.181478222292992375e-01
-1.254989643459278326e-01 2.197215199433439903e-01
-1.250756645074798945e-01 2.212899484181230503e-01
-1.246387192805103739e-01 2.228529882117357419e-01
-1.241881619400899417e-01 2.244105202926501841e-01
-1.237240267979045627e-01 2.259624260487681779e-01
-1.232463491996422106e-01 2.275085872964580647e-01
-1.227551655223014376e-01 2.290488862895544153e-01
-1.222505131714209381e-01 2.305832057283255243e-01
-1.217324305782311322e-01 2.321114287684057642e-01
-1.212009571967272437e-01 2.336334390296938845e-01
-1.206561335006650360e-01 2.351491206052158112e-01
-1.200980009804782644e-01 2.366583580699512246e-01
-1.195266021401193285e-01 2.381610364896240561e-01
-1.189419804938220970e-01 2.396570414294548201e-01
-1.183441805627884202e-01 2.411462589628752540e-01
-1.177332478717975361e-01 2.426285756802044058e-01
-1.171092289457391911e-01 2.441038786972853647e-01
-1.164721713060705571e-01 2.455720556640814400e-01
-1.158221234671973909e-01 2.470329947732323173e-01
-1.151591349327793640e-01 2.484865847685685802e-01
-1.144832561919602310e-01 2.499327149535842951e-01
-1.137945387155229332e-01 2.513712751998670170e-01
-1.130930349519697342e-01 2.528021559554842201e-01
-1.123787983235282062e-01 2.542252482533267077e-01
-1.116518832220829288e-01 2.556404437194060297e-01
-1.109123450050331638e-01 2.570476345811084640e-01
-1.101602399910774632e-01 2.584467136754016181e-01
-1.093956254559244889e-01 2.598375744569958457e-01
-1.086185596279313770e-01 2.612201110064575338e-01
-1.078291016836695898e-01 2.625942180382758728e-01
-1.070273117434179383e-01 2.639597909088802208e-01
-1.062132508665847574e-01 2.653167256246094508e-01
-1.053869810470574875e-01 2.666649188496314493e-01
-1.045485652084819639e-01 2.680042679138123218e-01
-1.036980671994703757e-01 2.693346708205353601e-01
-1.028355517887389325e-01 2.706560262544683848e-01
-1.019610846601754772e-01 2.719682335892792402e-01
-1.010747324078375559e-01 2.732711928952988867e-01
-1.001765625308807528e-01 2.745648049471316465e-01
-9.926664342841871880e-02 2.758489712312113262e-01
-9.834504439431387968e-02 2.771235939533035486e-01
-9.741183561190089324e-02 2.783885760459531289e-01
-9.646708814864157766e-02 2.796438211758761616e-01
-9.551087395071293507e-02 2.808892337512959303e-01
-9.454326583752836743e-02 2.821247189292233060e-01
-9.356433749619189055e-02 2.833501826226785258e-01
-9.257416347588680317e-02 2.845655315078565173e-01
-9.157281918219829786e-02 2.857706730312346011e-01
-9.056038087137129045e-02 2.869655154166196320e-01
-8.953692564450288494e-02 2.881499676721380188e-01
-8.850253144167111174e-02 2.893239395971647365e-01
-8.745727703599937009e-02 2.904873417891924992e-01
-8.640124202765747663e-02 2.916400856506400352e-01
-8.533450683779990331e-02 2.927820833955993018e-01
-8.425715270244142630e-02 2.939132480565205818e-01
-8.316926166627061634e-02 2.950334934908354079e-01
-8.207091657640175342e-02 2.961427343875168150e-01
-8.096220107606592886e-02 2.972408862735758661e-01
-7.984319959824101587e-02 2.983278655204948948e-01
-7.871399735922193774e-02 2.994035893505957446e-01
-7.757468035213105351e-02 3.004679758433439485e-01
-7.642533534036959064e-02 3.015209439415870163e-01
-7.526604985100997236e-02 3.025624134577277191e-01
-7.409691216813057979e-02 3.035923050798300937e-01
-7.291801132609253278e-02 3.046105403776597220e-01
-7.172943710275918316e-02 3.056170418086565088e-01
-7.053128001265940306e-02 3.066117327238395696e-01
-6.932363130009448760e-02 3.075945373736445609e-01
-6.810658293218946335e-02 3.085653809136924552e-01
-6.688022759188960720e-02 3.095241894104888147e-01
-6.564465867090202300e-02 3.104708898470544542e-01
-6.439997026258378887e-02 3.114054101284858822e-01
-6.314625715477620305e-02 3.123276790874453535e-01
-6.188361482258637747e-02 3.132376264895810891e-01
-6.061213942111640107e-02 3.141351830388753874e-01
-5.933192777814084995e-02 3.150202803829219578e-01
-5.804307738673282480e-02 3.158928511181313681e-01
-5.674568639783969526e-02 3.167528287948636612e-01
-5.543985361280823893e-02 3.176001479224892510e-01
-5.412567847586083336e-02 3.184347439743760999e-01
-5.280326106652217383e-02 3.192565533928036214e-01
-5.147270209199791835e-02 3.200655135938027529e-01
-5.013410287950543359e-02 3.208615629719222540e-01
-4.878756536855740483e-02 3.216446409049198429e-01
-4.743319210319854595e-02 3.224146877583791704e-01
-4.607108622419672783e-02 3.231716448902510752e-01
-4.470135146118825453e-02 3.239154546553190683e-01
-4.332409212477843913e-02 3.246460604095899871e-01
-4.193941309859806899e-02 3.253634065146068788e-01
-4.054741983131593397e-02 3.260674383416864996e-01
-3.777125257009250614e-02 3.273667494405826384e-01
-3.498388631964757106e-02 3.286421898986777168e-01
-3.218553334871292193e-02 3.298936625862426419e-01
-2.937640676270147910e-02 3.311210721987872252e-01
-2.655672048747886177e-02 3.323243252643171552e-01
-2.372668925307161447e-02 3.335033301504529701e-01
-2.088652857731532891e-02 3.346579970714079200e-01
-1.803645474944144678e-02 3.357882380948254419e-01
-1.517668481360661542e-02 3.368939671484758591e-01
-1.230743655236342382e-02 3.379751000268104710e-01
-9.428928470075634283e-03 3.390315543973749790e-01
-6.541379776278444247e-03 3.400632498070788046e-01
-3.645010368984354099e-03 3.410701076883221328e-01
-7.400408179376177786e-04 3.420520513649790706e-01
2.173307652183542604e-03 3.430090060582370315e-01
5.094813178613460947e-03 3.439408988922909027e-01
8.024253277395483608e-03 3.448476588998936054e-01
1.096140486032404215e-02 3.457292170277596610e-01
1.390604425193456284e-02 3.465855061418247618e-01
1.685794720653684825e-02 3.474164610323575153e-01
1.981688892529193113e-02 3.482220184189258605e-01
2.278264407333214364e-02 3.490021169552159352e-01
2.575498679692036358e-02 3.497566972337040059e-01
2.873369074065049156e-02 3.504857017901801819e-01
3.171852906468447530e-02 3.511890751081253037e-01
3.470927446202791422e-02 3.518667636229378948e-01
3.770569917583945635e-02 3.525187157260136761e-01
4.070757501677605555e-02 3.531448817686759223e-01
4.371467338037032108e-02 3.537452140659562705e-01
4.672676526443923090e-02 3.543196669002258159e-01
4.974362128652422277e-02 3.548681965246773262e-01
5.276501170135876329e-02 3.553907611666561883e-01
5.579070641836519906e-02 3.558873210308415302e-01
5.882047501917614385e-02 3.563578383022773521e-01
6.185408677518260123e-02 3.568022771492516676e-01
6.489131066510411827e-02 3.572206037260255429e-01
6.793191539258242040e-02 3.576127861754107018e-01
7.097566940379548828e-02 3.579787946311949742e-01
7.402234090509074438e-02 3.583186012204177540e-01
7.707169788063790439e-02 3.586321800654913572e-01
8.012350811009708029e-02 3.589195072861726121e-01
8.317753918630380050e-02 3.591805610013815708e-01
8.623355853296739426e-02 3.594153213308667882e-01
8.929133342238286530e-02 3.596237703967203325e-01
9.235063099315354851e-02 3.598058923247389185e-01
9.541121826792499372e-02 3.599616732456325519e-01
9.847286217112677376e-02 3.600911012960808510e-01
1.015353295467218975e-01 3.601941666196369907e-01
1.045983871759628425e-01 3.602708613674771576e-01
1.076618017951520706e-01 3.603211796989996274e-01
1.107253401134059984e-01 3.603451177822685203e-01
1.137887688304204947e-01 3.603426737943061786e-01
1.168518546542383629e-01 3.603138479212317780e-01
1.199143643190147684e-01 3.602586423582469499e-01
1.229760646027818205e-01 3.601770613094693041e-01
1.260367223452091845e-01 3.600691109876115181e-01
1.290961044653597956e-01 3.599347996135084382e-01
1.321539779794403124e-01 3.597741374154913574e-01
1.352101100185435778e-01 3.595871366286084170e-01
1.382642678463826824e-01 3.593738114936938510e-01
1.413162188770143712e-01 3.591341782562824103e-01
1.443657306925514028e-01 3.588682551653729624e-01
1.474125710608623907e-01 3.585760624720384371e-01
1.504565079532569905e-01 3.582576224278837262e-01
1.534973095621557926e-01 3.579129592833510953e-01
1.565347443187434240e-01 3.575420992858732716e-01
1.595685809106030528e-01 3.571450706778751538e-01
1.625985882993323806e-01 3.567219036946221999e-01
1.656245357381375127e-01 3.562726305619187128e-01
1.686461927894057078e-01 3.557972854936529705e-01
1.716633293422534512e-01 3.552959046891924766e-01
1.746757156300511871e-01 3.547685263306265546e-01
1.776831222479200723e-01 3.542151905798589517e-01
1.806853201702023903e-01 3.536359395755496182e-01
1.836820807679030165e-01 3.530308174299051638e-01
1.866731758260999074e-01 3.523998702253196003e-01
1.896583775613240319e-01 3.517431460108657593e-01
1.926374586389053845e-01 3.510606947986347759e-01
1.956101921902860252e-01 3.503525685599289119e-01
1.985763518302966768e-01 3.496188212213028335e-01
2.015357116743967114e-01 3.488595086604569517e-01
2.044880463558763350e-01 3.480746887019831037e-01
2.074331310430192477e-01 3.472644211129590763e-01
2.103707414562240585e-01 3.464287675983992454e-01
2.133006538850844847e-01 3.455677917965540025e-01
2.162226452054253900e-01 3.446815592740641865e-01
2.191364928962946379e-01 3.437701375209673005e-01
2.220419750569093964e-01 3.428335959455586224e-01
2.249388704235539271e-01 3.418720058691053776e-01
2.278269583864304670e-01 3.408854405204144733e-01
2.307060190064586791e-01 3.398739750302571250e-01
2.335758330320259202e-01 3.388376864256462673e-01
2.364361819156828859e-01 3.377766536239714124e-01
2.392868478307880742e-01 3.366909574269882355e-01
2.421276136880951002e-01 3.355806805146657190e-01
2.449582631522855269e-01 3.344459074388893005e-01
2.477785806584431871e-01 3.332867246170220787e-01
2.505883514284709124e-01 3.321032203253240223e-01
2.533873614874459501e-01 3.308954846922290138e-01
2.561753976799155952e-01 3.296636096914814518e-01
2.589522476861293998e-01 3.284076891351319638e-01
2.617177000382083785e-01 3.271278186663935661e-01
2.644715441362490704e-01 3.258240957523575454e-01
2.672135702643614885e-01 3.244966196765715072e-01
2.699435696066396773e-01 3.231454915314779242e-01
2.726613342630642145e-01 3.217708142107163494e-01
2.753666572653342692e-01 3.203726924012869626e-01
2.780593325926289938e-01 3.189512325755786692e-01
2.807391551872972513e-01 3.175065429832605313e-01
2.834059209704730686e-01 3.160387336430384164e-01
2.860594268576172605e-01 3.145479163342762563e-01
2.886994707739829469e-01 3.130342045884843549e-01
2.913258516700047429e-01 3.114977136806724722e-01
2.939383695366087901e-01 3.099385606205720123e-01
2.965368254204447385e-01 3.083568641437252622e-01
2.991210214390369604e-01 3.067527447024424037e-01
3.016907607958532189e-01 3.051263244566296273e-01
3.042458477952926788e-01 3.034777272644856305e-01
3.067860878575875971e-01 3.018070786730693289e-01
3.093112875336223033e-01 3.001145059087392264e-01
3.118212545196650254e-01 2.984001378674642768e-01
3.143157976720117874e-01 2.966641051050084021e-01
3.167947270215437094e-01 2.949065398269876681e-01
3.192578537881930467e-01 2.931275758788026709e-01
3.217049903953204115e-01 2.913273487354456348e-01
3.241359504839984584e-01 2.895059954911835542e-01
3.265505489272046979e-01 2.876636548491173784e-01
3.289486018439191084e-01 2.858004671106201267e-01
3.313299266131277676e-01 2.839165741646516028e-01
3.336943418877297285e-01 2.820121194769534823e-01
3.360416676083475274e-01 2.800872480791234964e-01
3.383717250170398261e-01 2.781421065575711005e-01
3.406843366709133569e-01 2.761768430423542364e-01
3.429793264556373900e-01 2.741916071958981904e-01
3.452565195988542279e-01 2.721865502015989313e-01
3.475157426834895036e-01 2.701618247523094318e-01
3.497568236609584491e-01 2.681175850387118031e-01
3.519795918642678045e-01 2.660539867375747991e-01
3.541838780210133653e-01 2.639711869998984106e-01
3.563695142662696713e-01 2.618693444389467162e-01
3.585363341553748917e-01 2.597486191181683224e-01
3.606841726766051859e-01 2.576091725390072251e-01
3.628128662637414847e-01 2.554511676286033706e-01
3.649222528085256378e-01 2.532747687273860238e-01
3.670121716730052608e-01 2.510801415765576139e-01
3.690824637017674492e-01 2.488674533054726079e-01
3.711329712340588616e-01 2.466368724189095807e-01
3.731635381157919484e-01 2.443885687842390630e-01
3.751740097114369954e-01 2.421227136184874729e-01
3.771642329157982032e-01 2.398394794752984338e-01
3.791340561656729169e-01 2.375390402317917593e-01
3.810833294513944480e-01 2.352215710753222944e-01
3.830119043282550484e-01 2.328872484901388928e-01
3.849196339278110335e-01 2.305362502439439742e-01
3.868063729690672803e-01 2.281687553743563801e-01
3.886719777695410438e-01 2.257849441752764197e-01
3.905163062562039267e-01 2.233849981831563247e-01
3.923392179763007803e-01 2.209691001631750862e-01
3.941405741080466485e-01 2.185374340953204764e-01
3.959202374711977557e-01 2.160901851603781454e-01
3.976780725374988723e-01 2.136275397258293463e-01
3.994139454410038370e-01 2.111496853316585931e-01
4.011277239882704015e-01 2.086568106760711971e-01
4.028192776684270671e-01 2.061491056011239276e-01
4.044884776631116896e-01 2.036267610782671322e-01
4.061351968562825765e-01 2.010899691938017875e-01
4.077593098438972996e-01 1.985389231342516991e-01
4.093606929434638886e-01 1.959738171716508270e-01
4.109392242034594633e-01 1.933948466487496742e-01
4.124947834126168611e-01 1.908022079641382429e-01
4.140272521090798130e-01 1.881960985572903311e-01
4.155365135894238948e-01 1.855767168935271438e-01
4.170224529175438621e-01 1.829442624489038272e-01
4.184849569334069819e-01 1.802989356950182032e-01
4.199239142616703058e-01 1.776409380837443430e-01
4.213392153201618862e-01 1.749704720318913109e-01
4.227307523282264334e-01 1.722877409057880227e-01
4.240984193149335835e-01 1.695929490057964117e-01
4.254421121271470541e-01 1.668863015507528469e-01
4.267617284374566333e-01 1.641680046623403555e-01
4.280571677519714457e-01 1.614382653493912356e-01
4.293283314179722199e-01 1.586972914921229161e-01
4.305751226314240010e-01 1.559452918263065924e-01
4.317974464443490312e-01 1.531824759273716086e-01
4.329952097720562998e-01 1.504090541944454462e-01
4.341683214002313718e-01 1.476252378343307081e-01
4.353166919918814992e-01 1.448312388454212896e-01
4.364402340941404557e-01 1.420272700015575429e-01
4.375388621449268212e-01 1.392135448358230165e-01
4.386124924794612134e-01 1.363902776242827131e-01
4.396610433366368031e-01 1.335576833696657251e-01
4.406844348652463328e-01 1.307159777849911386e-01
4.416825891300625306e-01 1.278653772771415342e-01
4.426554301177736406e-01 1.250060989303820591e-01
4.436028837427720695e-01 1.221383604898288872e-01
4.445248778527958189e-01 1.192623803448673164e-01
4.454213422344241446e-01 1.163783775125200454e-01
4.462922086184232251e-01 1.134865716207687641e-01
4.471374106849462793e-01 1.105871828918280619e-01
4.479568840685838604e-01 1.076804321253752583e-01
4.487505663632647690e-01 1.047665406817350209e-01
4.495183971270096390e-01 1.018457304650224882e-01
4.502603178865328681e-01 9.891822390624399608e-02
4.509762721416962772e-01 9.598424394635816925e-02
4.516662053698112800e-01 9.304401401929854321e-02
4.523300650297914505e-01 9.009775803495742585e-02
4.529678005661534890e-01 8.714570036213506454e-02
4.535793634128671981e-01 8.418806581145250878e-02
4.541647069970539130e-01 8.122507961823181855e-02
4.547237867425335534e-01 7.825696742534314632e-02
4.552565600732187967e-01 7.528395526602171817e-02
4.557629864163580402e-01 7.230626954665375639e-02
4.562430272056243741e-01 6.932413702953535428e-02
4.566966458840532317e-01 6.633778481560366480e-02
4.571238079068259408e-01 6.334744032714170747e-02
4.575244807439005079e-01 6.035333129046002720e-02
4.578986338824893032e-01 5.735568571855381020e-02
4.582462388293823130e-01 5.435473189373936365e-02
4.585672691131167933e-01 5.135069835026891127e-02
4.588617002859938232e-01 4.834381385692759769e-02
4.591295099259397050e-01 4.533430739961109152e-02
4.593706776382133761e-01 4.232240816388782578e-02
4.595851850569599439e-01 3.930834551754583406e-02
4.597730158466090122e-01 3.629234899312484136e-02
4.599341557031184080e-01 3.327464827043725981e-02
4.600685923550644763e-01 3.025547315907649998e-02
4.601763155645757220e-01 2.723505358091666759e-02
4.602573171281124642e-01 2.421361955260246251e-02
4.603115908770922249e-01 2.119140116803328380e-02
4.603391326783586313e-01 1.816862858084000026e-02
4.603399404344971635e-01 1.514553198685834184e-02
4.603140140839939165e-01 1.212234160659812592e-02
4.602613556012408735e-01 9.099287667711850394e-03
4.601819689963854709e-01 6.076600387461116720e-03
4.600758603150247872e-01 3.054509955185018277e-03
4.599430376377460217e-01 3.324651477040405090e-05
4.597835110795100433e-01 -2.986959852874133264e-03
4.595972927888820614e-01 -6.005879147340714708e-03
4.593843969471058664e-01 -9.023281466236782872e-03
4.591448397670239157e-01 -1.203893702269343870e-02
4.588786394918431544e-01 -1.505261616286460331e-02
4.585858163937450160e-01 -1.806408938341554082e-02
4.582663927723422681e-01 -2.107312734900122775e-02
4.579203929529803152e-01 -2.407950090973065560e-02
4.575478432848849031e-01 -2.708298111861768762e-02
4.571487721391557235e-01 -3.008333924901564899e-02
4.567232099066056983e-01 -3.308034681203665672e-02
4.562711889954463307e-01 -3.607377557395147205e-02
4.557927438288200128e-01 -3.906339757357030901e-02
4.552879108421787335e-01 -4.204898513960329820e-02
4.547567284805088539e-01 -4.503031090799769487e-02
4.541992371954039487e-01 -4.800714783925384699e-02
4.536154794419836045e-01 -5.097926923571408087e-02
4.530054996756606167e-01 -5.394644875882722429e-02
4.523693443487564192e-01 -5.690846044638431939e-02
4.517070619069616377e-01 -5.986507872972761379e-02
4.510187027856486508e-01 -6.281607845092790354e-02
4.503043194060295518e-01 -6.576123487993104644e-02
4.495639661711643420e-01 -6.870032373167259121e-02
4.487976994618185222e-01 -7.163312118315696975e-02
4.480055776321685279e-01 -7.455940389050366712e-02
4.471876610053587831e-01 -7.747894900595486689e-02
4.463440118689067648e-01 -8.039153419484680596e-02
4.454746944699607969e-01 -8.329693765254039817e-02
4.445797750104063528e-01 -8.619493812131386046e-02
4.436593216418253660e-01 -8.908531490721138812e-02
4.427134044603051044e-01 -9.196784789685022443e-02
4.417420955011014949e-01 -9.484231757418309927e-02
4.407454687331523457e-01 -9.770850503721491276e-02
4.397236000534445743e-01 -1.005661920146735527e-01
4.386765672812344419e-01 -1.034151608826317098e-01
4.376044501521214047e-01 -1.062551946810800091e-01
4.365073303119755277e-01 -1.090860771304488497e-01
4.353852913107205125e-01 -1.119075926480794653e-01
4.342384185959704546e-01 -1.147195263646414026e-01
4.330667995065226594e-01 -1.175216641404952939e-01
4.318705232657070736e-01 -1.203137925820005755e-01
4.306496809745910537e-01 -1.230956990577661836e-01
4.294043656050415825e-01 -1.258671717148434621e-01
4.281346719926456545e-01 -1.286279994948593131e-01
4.268406968294874426e-01 -1.313779721500895614e-01
4.255225386567856871e-01 -1.341168802594691067e-01
4.241802978573886440e-01 -1.368445152445416924e-01
4.228140766481298107e-01 -1.395606693853426172e-01
4.214239790720439305e-01 -1.422651358362179708e-01
4.200101109904431640e-01 -1.449577086415770044e-01
4.185725800748562042e-01 -1.476381827515755030e-01
4.171114957988277805e-01 -1.503063540377322926e-01
4.156269694295823269e-01 -1.529620193084736401e-01
4.141191140195504272e-01 -1.556049763246075690e-01
4.125880443977594236e-01 -1.582350238147243737e-01
4.110338771610890785e-01 -1.608519614905251638e-01
4.094567306653911776e-01 -1.634555900620740243e-01
4.078567250164780167e-01 -1.660457112529749590e-01
4.062339820609740526e-01 -1.686221278154712289e-01
4.045886253770382690e-01 -1.711846435454664195e-01
4.029207802649523718e-01 -1.737330632974665723e-01
4.012305737375790882e-01 -1.762671929994410469e-01
3.995181345106890158e-01 -1.787868396676018101e-01
3.977835929931595738e-01 -1.812918114210996801e-01
3.960270812770428361e-01 -1.837819174966373037e-01
3.942487331275065232e-01 -1.862569682629962586e-01
3.924486839726473719e-01 -1.887167752354780847e-01
3.906270708931776636e-01 -1.911611510902583577e-01
3.887840326119861856e-01 -1.935899096786518891e-01
3.869197094835736261e-01 -1.960028660412888035e-01
3.850342434833642913e-01 -1.983998364222000488e-01
3.831277781968937535e-01 -2.007806382828109248e-01
3.812004588088749868e-01 -2.031450903158418808e-01
3.792524320921411563e-01 -2.054930124591164420e-01
3.772838463964689470e-01 -2.078242259092728528e-01
3.752948516372807686e-01 -2.101385531353814617e-01
3.732855992842281090e-01 -2.124358178924636853e-01
3.712562423496569286e-01 -2.147158452349137991e-01
3.692069353769547035e-01 -2.169784615298224195e-01
3.671378344287816176e-01 -2.192234944701985377e-01
3.650490970751856801e-01 -2.214507730880918845e-01
3.629408823816034357e-01 -2.236601277676122379e-01
3.608133508967459879e-01 -2.258513902578470067e-01
3.586666646403727787e-01 -2.280243936856736486e-01
3.565009870909537915e-01 -2.301789725684680876e-01
3.574759040816730127e-01 -2.288374342634068581e-01
3.584396471182616506e-01 -2.274863130226107422e-01
3.593921428079562830e-01 -2.261257117391932137e-01
3.603333186145223910e-01 -2.247557340282099470e-01
3.612631028637783293e-01 -2.233764842187675737e-01
3.621814247490538485e-01 -2.219880673460791765e-01
3.630882143365818382e-01 -2.205905891434650490e-01
3.639834025708245102e-01 -2.191841560343008311e-01
3.648669212797318595e-01 -2.177688751239130749e-01
3.657387031799336219e-01 -2.163448541914225476e-01
3.665986818818628423e-01 -2.149122016815366021e-01
3.674467918948117751e-01 -2.134710266962906444e-01
3.682829686319193940e-01 -2.120214389867394467e-01
3.691071484150897364e-01 -2.105635489445994157e-01
3.699192684798413566e-01 -2.090974675938417904e-01
3.707192669800872253e-01 -2.076233065822374879e-01
3.715070829928440177e-01 -2.061411781728550996e-01
3.722826565228722906e-01 -2.046511952355112296e-01
3.730459285072450504e-01 -2.031534712381752594e-01
3.737968408198454884e-01 -2.016481202383282878e-01
3.745353362757937177e-01 -2.001352568742771065e-01
3.752613586358015674e-01 -1.986149963564242393e-01
3.759748526104554900e-01 -1.970874544584940158e-01
3.766757638644268047e-01 -1.955527475087160683e-01
3.773640390206098871e-01 -1.940109923809664738e-01
3.780396256641868069e-01 -1.924623064858674570e-01
3.787024723466190790e-01 -1.909068077618457926e-01
3.793525285895654187e-01 -1.893446146661517115e-01
3.799897448887261664e-01 -1.877758461658377565e-01
3.806140727176131056e-01 -1.862006217286989174e-01
3.812254645312448398e-01 -1.846190613141748538e-01
3.818238737697676743e-01 -1.830312853642143411e-01
3.824092548620013354e-01 -1.814374147941033300e-01
3.829815632289090832e-01 -1.798375709832566727e-01
3.835407552869931624e-01 -1.782318757659745456e-01
3.840867884516132036e-01 -1.766204514221645372e-01
3.846196211402297394e-01 -1.750034206680291804e-01
3.851392127755707273e-01 -1.733809066467211779e-01
3.856455237887211895e-01 -1.717530329189649041e-01
3.861385156221373571e-01 -1.701199234536473759e-01
3.866181507325823774e-01 -1.684817026183772215e-01
3.870843925939856933e-01 -1.668384951700135899e-01
3.875372057002244297e-01 -1.651904262451657501e-01
3.879765555678271749e-01 -1.635376213506629650e-01
3.884024087386007684e-01 -1.618802063539971081e-01
3.888147327821773747e-01 -1.602183074737371649e-01
3.892134962984847846e-01 -1.585520512699170603e-01
3.895986689201372810e-01 -1.568815646343979242e-01
3.899702213147484553e-01 -1.552069747812045986e-01
3.903281251871649760e-01 -1.535284092368379150e-01
3.906723532816212541e-01 -1.518459958305628243e-01
3.910028793838151717e-01 -1.501598626846739615e-01
3.913196783229043740e-01 -1.484701382047385609e-01
3.916227259734230692e-01 -1.467769510698177515e-01
3.919119992571195032e-01 -1.450804302226673392e-01
3.921874761447129432e-01 -1.433807048599181622e-01
3.924491356575721124e-01 -1.416779044222372941e-01
3.926969578693116913e-01 -1.399721585844707905e-01
3.929309239073111026e-01 -1.382635972457682827e-01
3.931510159541505844e-01 -1.365523505196906129e-01
3.933572172489687713e-01 -1.348385487243013714e-01
3.935495120887385068e-01 -1.331223223722425297e-01
3.937278858294633310e-01 -1.314038021607953910e-01
3.938923248872923111e-01 -1.296831189619276348e-01
3.940428167395546022e-01 -1.279604038123267340e-01
3.941793499257128519e-01 -1.262357879034211039e-01
3.943019140482365015e-01 -1.245094025713892605e-01
3.944104997733928197e-01 -1.227813792871583348e-01
3.945050988319587781e-01 -1.210518496463916793e-01
3.945857040198496035e-01 -1.193209453594674813e-01
3.946523091986681719e-01 -1.175887982414487998e-01
3.947049092961723016e-01 -1.158555402020449016e-01
3.947435003066608883e-01 -1.141213032355660878e-01
3.947680792912789949e-01 -1.123862194108716933e-01
3.947786443782420052e-01 -1.106504208613126317e-01
3.947751947629773439e-01 -1.089140397746688749e-01
3.947577307081868159e-01 -1.071772083830828115e-01
3.947262535438256781e-01 -1.054400589529893850e-01
3.946807656670019981e-01 -1.037027237750433040e-01
3.946212705417934674e-01 -1.019653351540447395e-01
3.945477726989844447e-01 -1.002280253988637737e-01
3.944602777357200663e-01 -9.849092681236451541e-02
3.943587923150807528e-01 -9.675417168132978418e-02
3.942433241655739495e-01 -9.501789226638693298e-02
3.941138820805464293e-01 -9.328222079193566885e-02
3.939704759175139959e-01 -9.154728943607871872e-02
3.938131165974113612e-01 -8.981323032055585354e-02
3.936418161037598673e-01 -8.808017550068249213e-02
3.934565874817554931e-01 -8.634825695529288470e-02
3.932574448372746501e-01 -8.461760657668962460e-02
3.930444033358009848e-01 -8.288835616059962719e-02
3.928174792012696370e-01 -8.116063739613704753e-02
3.925766897148318391e-01 -7.943458185577501052e-02
3.923220532135393568e-01 -7.771032098532557053e-02
3.920535890889477182e-01 -7.598798609392978798e-02
3.917713177856392837e-01 -7.426770834405790889e-02
3.914752607996666578e-01 -7.254961874152092427e-02
3.911654406769156100e-01 -7.083384812549395337e-02
3.908418810113880038e-01 -6.912052715855215856e-02
3.905046064434050113e-01 -6.740978631672070454e-02
3.901536426577308925e-01 -6.570175587953801244e-02
3.897890163816167264e-01 -6.399656592013483469e-02
3.894107553827650947e-01 -6.229434629532845658e-02
3.890188884672155512e-01 -6.059522663573379403e-02
3.886134454771509872e-01 -5.889933633589119338e-02
3.881944572886246725e-01 -5.720680454441301466e-02
3.877619558092094687e-01 -5.551776015414808252e-02
3.873159739755674402e-01 -5.383233179236603105e-02
3.868565457509420269e-01 -5.215064781096208357e-02
3.863837061225712244e-01 -5.047283627668223277e-02
3.858974910990233820e-01 -4.879902496137090290e-02
3.853979377074549517e-01 -4.712934133223995598e-02
3.848850839907909105e-01 -4.546391254216240740e-02
3.843589690048273555e-01 -4.380286541998840849e-02
3.838196328152574388e-01 -4.214632646088749268e-02
3.832671164946199194e-01 -4.049442181671478180e-02
3.827014621191719979e-01 -3.884727728640462174e-02
3.821227127656843248e-01 -3.720501830639018348e-02
3.815309125081607355e-01 -3.556776994105104173e-02
3.809261064144823794e-01 -3.393565687318908508e-02
3.803083405429746322e-01 -3.230880339453338912e-02
3.796776619389005125e-01 -3.068733339627503776e-02
3.790341186308773813e-01 -2.907137035963205246e-02
3.783777596272198673e-01 -2.746103734644628203e-02
3.777086349122072417e-01 -2.585645698981128143e-02
3.770267954422771850e-01 -2.425775148473351128e-02
3.763322931421451134e-01 -2.266504257882690637e-02
3.756251809008501197e-01 -2.107845156304104933e-02
3.749055125677270839e-01 -1.949809926242457997e-02
3.741733429483058426e-01 -1.792410602692366683e-02
3.734287278001376942e-01 -1.635659172221725494e-02
3.726717238285488509e-01 -1.479567572058847896e-02
3.719023886823229486e-01 -1.324147689183420573e-02
3.711207809493096699e-01 -1.169411359421261565e-02
3.703269601519642018e-01 -1.015370366542957259e-02
3.695209867428135841e-01 -8.620364413665211611e-03
3.687029220998533363e-01 -7.094212608640015905e-03
3.678728285218734184e-01 -5.575364472722763032e-03
3.670307692237134711e-01 -4.063935672079375949e-03
3.661768083314493327e-01 -2.560041307864864557e-03
3.653110108775091125e-01 -1.063795907457518175e-03
3.644334427957210409e-01 4.246865842623750997e-04
3.635441709162922086e-01 1.905292813590225842e-03
3.626432629607191926e-01 3.377910026629293849e-03
3.617307875366307934e-01 4.842426077877312607e-03
3.608068141325632694e-01 6.298729438766886846e-03
3.598714131126687921e-01 7.746709206158698680e-03
3.589246557113564551e-01 9.186255110787508449e-03
3.579666140278679465e-01 1.061725752565915309e-02
3.569973610207866632e-01 1.203960747439945800e-02
3.560169705024818221e-01 1.345319663955287653e-02
3.550255171334869564e-01 1.485791737083161368e-02
3.540230764168147415e-01 1.625366269331346425e-02
3.530097246922069276e-01 1.764032631558811598e-02
3.519855391303204906e-01 1.901780263785216030e-02
3.509505977268515542e-01 2.038598675995048626e-02
3.499049792965946981e-01 2.174477448936509155e-02
3.488487634674417581e-01 2.309406234914956890e-02
3.477820306743174550e-01 2.443374758580947603e-02
3.467048621530540164e-01 2.576372817712717367e-02
3.456173399342045705e-01 2.708390283993147157e-02
3.445195468367968639e-01 2.839417103781047974e-02
3.434115664620254749e-01 2.969443298876806026e-02
3.422934831868855166e-01 3.098458967282247123e-02
3.411653821577473877e-01 3.226454283954713342e-02
3.400273492838719602e-01 3.353419501555291588e-02
3.388794712308688117e-01 3.479344951191093438e-02
3.377218354140956169e-01 3.604221043151590448e-02
3.365545299920020272e-01 3.728038267638897341e-02
3.353776438594152642e-01 3.850787195492002407e-02
3.341912666407708121e-01 3.972458478904793838e-02
3.329954886832870997e-01 4.093042852137975668e-02
3.317904010500852818e-01 4.212531132224671404e-02
3.305760955132542867e-01 4.330914219669725063e-02
3.293526645468620728e-01 4.448183099142698216e-02
3.281202013199134848e-01 4.564328840164384726e-02
3.268787996892549286e-01 4.679342597786936148e-02
3.256285541924269222e-01 4.793215613267411135e-02
3.243695600404644663e-01 4.905939214734809234e-02
3.231019131106466213e-01 5.017504817850444720e-02
3.218257099391950704e-01 5.127903926461698653e-02
